Linux 7.0.0-28-generic (HomeLab) 	07/17/2026 	_x86_64_	(24 CPU)

08:08:46 PM  CPU    %usr   %nice    %sys %iowait    %irq   %soft  %steal  %guest  %gnice   %idle
08:08:51 PM    0    1.01    0.00    0.20    0.00    0.00    1.21    0.00    0.00    0.00   97.58
08:08:51 PM    1   52.62    0.00   27.22    0.00    0.00   19.96    0.00    0.00    0.00    0.20
08:08:51 PM    2   50.80    0.00   30.12    0.00    0.00   18.88    0.00    0.00    0.00    0.20
08:08:51 PM    3    0.80    0.00    0.40    0.00    0.00    0.00    0.00    0.00    0.00   98.80
08:08:51 PM    4    0.40    0.00    0.00    0.00    0.00    0.00    0.00    0.00    0.00   99.60
08:08:51 PM    5   52.11    0.00   28.17    0.00    0.00   19.72    0.00    0.00    0.00    0.00
08:08:51 PM    6    0.00    0.00    0.00    0.00    0.00    0.00    0.00    0.00    0.00  100.00
08:08:51 PM    7   51.30    0.00   29.46    0.00    0.00   19.04    0.00    0.00    0.00    0.20

Average:     CPU    %usr   %nice    %sys %iowait    %irq   %soft  %steal  %guest  %gnice   %idle
Average:       0    1.01    0.00    0.20    0.00    0.00    1.21    0.00    0.00    0.00   97.58
Average:       1   52.62    0.00   27.22    0.00    0.00   19.96    0.00    0.00    0.00    0.20
Average:       2   50.80    0.00   30.12    0.00    0.00   18.88    0.00    0.00    0.00    0.20
Average:       3    0.80    0.00    0.40    0.00    0.00    0.00    0.00    0.00    0.00   98.80
Average:       4    0.40    0.00    0.00    0.00    0.00    0.00    0.00    0.00    0.00   99.60
Average:       5   52.11    0.00   28.17    0.00    0.00   19.72    0.00    0.00    0.00    0.00
Average:       6    0.00    0.00    0.00    0.00    0.00    0.00    0.00    0.00    0.00  100.00
Average:       7   51.30    0.00   29.46    0.00    0.00   19.04    0.00    0.00    0.00    0.20
