Linux 7.0.0-28-generic (HomeLab) 	07/17/2026 	_x86_64_	(24 CPU)

08:08:25 PM  CPU    %usr   %nice    %sys %iowait    %irq   %soft  %steal  %guest  %gnice   %idle
08:08:30 PM    0    1.20    0.00    0.40    0.00    0.00    1.40    0.00    0.00    0.00   97.00
08:08:30 PM    1   61.97    0.00   21.73    0.80    0.00   15.29    0.00    0.00    0.00    0.20
08:08:30 PM    2   11.02    0.00    2.61    0.00    0.00    2.20    0.00    0.00    0.00   84.17
08:08:30 PM    3   64.26    0.00   20.88    0.00    0.00   14.86    0.00    0.00    0.00    0.00
08:08:30 PM    4   43.17    0.00   13.65    0.00    0.00   11.65    0.00    0.00    0.00   31.53
08:08:30 PM    5    9.82    0.00    3.21    0.00    0.00    2.20    0.00    0.00    0.00   84.77
08:08:30 PM    6    0.20    0.00    0.00    0.00    0.00    0.00    0.00    0.00    0.00   99.80
08:08:30 PM    7   62.37    0.00   21.33    0.80    0.00   15.49    0.00    0.00    0.00    0.00

Average:     CPU    %usr   %nice    %sys %iowait    %irq   %soft  %steal  %guest  %gnice   %idle
Average:       0    1.20    0.00    0.40    0.00    0.00    1.40    0.00    0.00    0.00   97.00
Average:       1   61.97    0.00   21.73    0.80    0.00   15.29    0.00    0.00    0.00    0.20
Average:       2   11.02    0.00    2.61    0.00    0.00    2.20    0.00    0.00    0.00   84.17
Average:       3   64.26    0.00   20.88    0.00    0.00   14.86    0.00    0.00    0.00    0.00
Average:       4   43.17    0.00   13.65    0.00    0.00   11.65    0.00    0.00    0.00   31.53
Average:       5    9.82    0.00    3.21    0.00    0.00    2.20    0.00    0.00    0.00   84.77
Average:       6    0.20    0.00    0.00    0.00    0.00    0.00    0.00    0.00    0.00   99.80
Average:       7   62.37    0.00   21.33    0.80    0.00   15.49    0.00    0.00    0.00    0.00
