Linux 7.0.0-28-generic (HomeLab) 	07/17/2026 	_x86_64_	(24 CPU)

08:09:07 PM  CPU    %usr   %nice    %sys %iowait    %irq   %soft  %steal  %guest  %gnice   %idle
08:09:12 PM    0   61.72    0.00   21.04    0.00    0.00   17.23    0.00    0.00    0.00    0.00
08:09:12 PM    1    1.01    0.00    0.20    0.00    0.00    0.60    0.00    0.00    0.00   98.19
08:09:12 PM    2    0.80    0.00    0.20    0.00    0.00    0.00    0.00    0.00    0.00   99.00
08:09:12 PM    3   62.60    0.00   20.20    0.00    0.00   17.20    0.00    0.00    0.00    0.00
08:09:12 PM    4   12.05    0.00    3.61    0.00    0.00    3.41    0.00    0.00    0.00   80.92
08:09:12 PM    5   51.90    0.00   15.83    0.00    0.00   13.63    0.00    0.00    0.00   18.64
08:09:12 PM    6   62.45    0.00   20.28    0.00    0.00   17.27    0.00    0.00    0.00    0.00
08:09:12 PM    7    1.20    0.00    0.20    0.00    0.00    0.00    0.00    0.00    0.00   98.60

Average:     CPU    %usr   %nice    %sys %iowait    %irq   %soft  %steal  %guest  %gnice   %idle
Average:       0   61.72    0.00   21.04    0.00    0.00   17.23    0.00    0.00    0.00    0.00
Average:       1    1.01    0.00    0.20    0.00    0.00    0.60    0.00    0.00    0.00   98.19
Average:       2    0.80    0.00    0.20    0.00    0.00    0.00    0.00    0.00    0.00   99.00
Average:       3   62.60    0.00   20.20    0.00    0.00   17.20    0.00    0.00    0.00    0.00
Average:       4   12.05    0.00    3.61    0.00    0.00    3.41    0.00    0.00    0.00   80.92
Average:       5   51.90    0.00   15.83    0.00    0.00   13.63    0.00    0.00    0.00   18.64
Average:       6   62.45    0.00   20.28    0.00    0.00   17.27    0.00    0.00    0.00    0.00
Average:       7    1.20    0.00    0.20    0.00    0.00    0.00    0.00    0.00    0.00   98.60
